V =[0.371390656635746;
   0.742781313271493;
   0.557086080259007]

lamda =10.999999823022257